0 514 indo_and_var penim
1 328        0.456408689
1 7        0.423824818
1 329        0.307143161
1 6        0.308278381
2 4          1.1565008
2 1        0.969079671
2 3        0.767655921
2 5        0.583699133
3 5         1.35008532
3 2        0.767655921
3 8        0.568007428
3 4        0.401707133
4 330         1.20029643
4 2          1.1565008
4 3        0.401707133
4 8        0.167161743
5 6        0.793825678
5 329        0.634694631
5 2        0.583699133
5 1        0.485587904
6 329        0.373381998
6 328        0.367892211
6 1        0.308278381
6 7        0.296197345
7 1        0.423824818
7 6        0.296197345
7 329         0.22215606
7 328       0.0764310388
8 23         1.21314265
8 330          1.1500556
8 3        0.568007428
8 4        0.167161743
9 23         1.20153995
9 10        0.902147367
9 330         0.23003673
9 24         0.29648126
10 23         1.30225436
10 330         1.12818269
10 9        0.902147367
10 24        0.675081773
11 22         1.09184423
11 12        0.543652872
11 13        0.892718767
11 335        0.381483257
12 335        0.874226413
12 334        0.579805866
12 13        0.482467519
12 11        0.543652872
13 11        0.892718767
13 12        0.482467519
13 14        0.457020497
13 334        0.350474088
14 15        0.939484747
14 12        0.884004417
14 13        0.457020497
14 334        0.376894137
15 334         1.25999751
15 13         1.07374967
15 14        0.939484747
15 16         1.03088616
16 13         1.43052888
16 18         1.25766372
16 17        0.596718148
16 15         1.03088616
17 15         1.62540079
17 19         1.25008181
17 18        0.685664567
17 16        0.596718148
18 16         1.25766372
18 331         1.03383894
18 17        0.685664567
18 19        0.573728845
19 332         1.04954861
19 20         0.73346164
19 18        0.573728845
19 331        0.461243082
20 19         0.73346164
20 21        0.606738992
20 331        0.273261755
20 332        0.324637596
21 331        0.879481308
21 23        0.413927621
21 20        0.606738992
21 332        0.288152747
22 12         1.55660783
22 333         1.29412216
22 11         1.09184423
22 335        0.710418803
23 20         1.01358113
23 24        0.998893659
23 21        0.413927621
23 332        0.701380264
24 23        0.998893659
24 10        0.675081773
24 9         0.29648126
24 330        0.486249573
25 445        0.799842123
25 448        0.789550466
25 32        0.639012713
25 33        0.744510597
26 28         1.16319487
26 36          1.1196418
26 34         1.11008855
26 444        0.899532476
27 29        0.897258282
27 446        0.754677939
27 30        0.743155063
27 439        0.696014679
28 444        0.622447893
28 31         0.58840216
28 445        0.446529747
28 32        0.541294229
29 35        0.783693086
29 407        0.710762429
29 30        0.595064422
29 446         0.20973909
30 27        0.743155063
30 29        0.595064422
30 447        0.269627177
30 446        0.393948692
31 32        0.929154716
31 448        0.689089189
31 28         0.58840216
31 35        0.574409988
32 448        0.560542673
32 28        0.541294229
32 445        0.190957583
32 33        0.507580927
33 32        0.507580927
33 445        0.453741261
33 36        0.303614982
33 34        0.407189361
34 445        0.674251033
34 33        0.407189361
34 444        0.386679362
34 36        0.179369347
35 32        0.819194079
35 29        0.783693086
35 31        0.574409988
35 448        0.283742014
36 445        0.495135911
36 444        0.275427971
36 33        0.303614982
36 34        0.179369347
37 42        0.736799823
37 39        0.617525893
37 41         0.40150711
37 38        0.385845472
38 40        0.602964704
38 37        0.385845472
38 41        0.202088641
38 42        0.377807981
39 38         1.00004638
39 37        0.617525893
39 41        0.962574545
39 413        0.445095941
40 399        0.646655896
40 38        0.602964704
40 42        0.236373822
40 396          0.3019783
41 40        0.731352531
41 42        0.532717648
41 38        0.202088641
41 37         0.40150711
42 41        0.532717648
42 396        0.482727166
42 40        0.236373822
42 38        0.377807981
43 437        0.792000754
43 450        0.760116072
43 44        0.267778776
43 449        0.450662355
44 437         0.59730672
44 434        0.554373555
44 43        0.267778776
44 449        0.400184521
45 48         1.78056814
45 60          1.6020184
45 57         1.44833584
45 47         1.45785252
46 83          0.7319632
46 78        0.648779638
46 84        0.443512477
46 68        0.395363974
47 57        0.863750676
47 58        0.822610966
47 48        0.333211975
47 68        0.660234596
48 68        0.678939453
48 79        0.652674158
48 47        0.333211975
48 81        0.625725656
49 62        0.639596382
49 55        0.589151063
49 66        0.382515566
49 59        0.531764537
50 54        0.635327496
50 55        0.582347049
50 60        0.517154796
50 62        0.281567153
51 63        0.669405939
51 61        0.629641562
51 60        0.437743968
51 53        0.619786615
52 53        0.607824086
52 61        0.572433256
52 64        0.258937022
52 65         0.50293377
53 52        0.607824086
53 54         0.57917285
53 63         0.19699391
53 61         0.41553719
54 53         0.57917285
54 67        0.509168338
54 62        0.512503263
54 63        0.394583684
55 50        0.582347049
55 54         0.58130962
55 62        0.302708774
55 67         0.16661383
56 509         1.13019914
56 511        0.965151432
56 512        0.472393807
56 492        0.722474726
57 47        0.863750676
57 50        0.694299067
57 58        0.502859428
57 60         0.50201697
58 49        0.701377864
58 48        0.701309229
58 59        0.667047634
58 57        0.502859428
59 58        0.667047634
59 81        0.570916114
59 66        0.255178947
59 49        0.531764537
60 62        0.788542783
60 50        0.517154796
60 57         0.50201697
60 51        0.437743968
61 51        0.629641562
61 63        0.609493421
61 52        0.572433256
61 53         0.41553719
62 54        0.512503263
62 67        0.409039656
62 50        0.281567153
62 55        0.302708774
63 51        0.669405939
63 61        0.609493421
63 53         0.19699391
63 54        0.394583684
64 53        0.863228188
64 61        0.807478949
64 52        0.258937022
64 65        0.279905034
65 61         1.07284123
65 53         1.06483353
65 52         0.50293377
65 64        0.279905034
66 81        0.807648367
66 58        0.800634517
66 59        0.255178947
66 49        0.382515566
67 50        0.687142712
67 54        0.509168338
67 62        0.409039656
67 55         0.16661383
68 79        0.530230681
68 46        0.395363974
68 78        0.347279975
68 84        0.355532762
69 82        0.833835821
69 92        0.447546876
69 93        0.238905463
69 101        0.235446857
70 71        0.736847546
70 113        0.647307848
70 89        0.601723445
70 100        0.628431759
71 94        0.535606344
71 73        0.530174627
71 100        0.108622599
71 88        0.497162335
72 71         0.68838969
72 83        0.448035452
72 94        0.154311089
72 73        0.435898986
73 71        0.530174627
73 74        0.438350375
73 94        0.376159262
73 72        0.435898986
74 85        0.572773236
74 76         0.51651179
74 73        0.438350375
74 91        0.491315691
75 95        0.731551527
75 76        0.719381245
75 91        0.323845171
75 90        0.454702624
76 74         0.51651179
76 87        0.440135649
76 95        0.283698522
76 91        0.439703813
77 87        0.506414994
77 86        0.387612955
77 96       0.0275099321
77 97         0.36954668
78 85        0.536571883
78 68        0.347279975
78 79         0.27825079
78 84        0.294015432
79 80        0.534248997
79 68        0.530230681
79 78         0.27825079
79 99        0.515663855
80 97        0.485136897
80 86        0.380661059
80 99        0.238165584
80 98        0.151346244
81 59        0.570916114
81 80        0.527328691
81 99        0.290240139
81 98        0.453746878
82 92         1.24429921
82 101         1.06810776
82 69        0.833835821
82 93         0.93870978
83 73        0.566406258
83 84        0.435474706
83 72        0.448035452
83 85        0.324755479
84 46        0.443512477
84 83        0.435474706
84 68        0.355532762
84 78        0.294015432
85 96        0.526714043
85 77         0.52457066
85 83        0.324755479
85 84         0.47982586
86 96           0.402376
86 77        0.387612955
86 97        0.104609683
86 80        0.380661059
87 76        0.440135649
87 86        0.434556479
87 97        0.330200335
87 95        0.421274921
88 100        0.506273425
88 90        0.459024685
88 71        0.497162335
88 89        0.455362863
89 71        0.682199776
89 70        0.601723445
89 100        0.612873192
89 88        0.455362863
90 91        0.693466899
90 129        0.615882336
90 75        0.454702624
90 88        0.459024685
91 95         0.55483782
91 74        0.491315691
91 75        0.323845171
91 76        0.439703813
92 46         1.14451241
92 93        0.314269003
92 69        0.447546876
92 101        0.247123573
93 82         0.93870978
93 92        0.314269003
93 69        0.238905463
93 101        0.253671051
94 83        0.570917445
94 71        0.535606344
94 72        0.154311089
94 73        0.376159262
95 75        0.731551527
95 91         0.55483782
95 76        0.283698522
95 87        0.421274921
96 87        0.495177739
96 86           0.402376
96 77       0.0275099321
96 97        0.377652119
97 96        0.377652119
97 77         0.36954668
97 87        0.330200335
97 86        0.104609683
98 86        0.471209142
98 81        0.453746878
98 80        0.151346244
98 99        0.180851233
99 79        0.515663855
99 81        0.290240139
99 98        0.180851233
99 80        0.238165584
100 89        0.612873192
100 94        0.609308168
100 71        0.108622599
100 88        0.506273425
101 82         1.06810776
101 93        0.253671051
101 69        0.235446857
101 92        0.247123573
102 107         1.56452598
102 103         1.54674143
102 120         1.47747764
102 114         1.45549256
103 104        0.778477205
103 133        0.661350032
103 111        0.498257678
103 143        0.601180981
104 105        0.388735742
104 114        0.385221743
104 115        0.260239171
104 116         0.31546379
105 115        0.474013749
105 121        0.460510397
105 104        0.388735742
105 116        0.338712956
106 118        0.268723441
106 116         0.25355548
106 117        0.177988317
106 119        0.247381964
107 108        0.317251887
107 118        0.300974315
107 120        0.100727674
107 117        0.198709053
108 120        0.357536127
108 117        0.319565096
108 107        0.317251887
108 118        0.207320655
109 106        0.496180134
109 118        0.380204426
109 108         0.48404108
109 119        0.262458595
110 127        0.687968521
110 108        0.650466828
110 113        0.439279569
110 109         0.60083487
111 133        0.661432588
111 104        0.626252162
111 112        0.405235914
111 103        0.498257678
112 121        0.657205595
112 105        0.638793387
112 111        0.405235914
112 141          0.5980455
113 118        0.847875723
113 108         0.66254277
113 110        0.439279569
113 70        0.647307848
114 116        0.402280149
114 107        0.393578989
114 115         0.22315873
114 104        0.385221743
115 106        0.317727191
115 104        0.260239171
115 114         0.22315873
115 116        0.182345697
116 105        0.338712956
116 104         0.31546379
116 115        0.182345697
116 106         0.25355548
117 120        0.299392403
117 107        0.198709053
117 118        0.173742646
117 106        0.177988317
118 119        0.270323219
118 106        0.268723441
118 108        0.207320655
118 117        0.173742646
119 117        0.334824303
119 118        0.270323219
119 106        0.247381964
119 109        0.262458595
120 118        0.387447928
120 108        0.357536127
120 107        0.100727674
120 117        0.299392403
121 122        0.826823506
121 116        0.766900964
121 105        0.460510397
121 112        0.657205595
122 123        0.883005686
122 121        0.826823506
122 124        0.755371152
122 140        0.776653077
123 193         1.12130191
123 124         1.00099596
123 122        0.883005686
123 139        0.840178807
124 130        0.874069875
124 131        0.864496264
124 122        0.755371152
124 125        0.707747862
125 130        0.795863215
125 124        0.707747862
125 131         0.48708549
125 128        0.631118266
126 127        0.847879859
126 119        0.701403772
126 109        0.588332516
126 131        0.454035057
127 129        0.882144569
127 126        0.847879859
127 89        0.689287811
127 110        0.687968521
128 129        0.973577872
128 131        0.867319076
128 125        0.631118266
128 132        0.474550468
129 127        0.882144569
129 75        0.857940147
129 132        0.585250998
129 90        0.615882336
130 128         1.07823811
130 193         0.89617349
130 125        0.795863215
130 124        0.874069875
131 128        0.867319076
131 124        0.864496264
131 125         0.48708549
131 126        0.454035057
132 127         1.16971203
132 125         1.09035197
132 129        0.585250998
132 128        0.474550468
133 166        0.654321921
133 141        0.634590534
133 143        0.157707059
133 134        0.615605969
134 143        0.727979825
134 141        0.614722475
134 133        0.615605969
134 135        0.611127724
135 167        0.886417244
135 134        0.611127724
135 136        0.710225283
135 156        0.440955743
136 135        0.710225283
136 137        0.660232929
136 139        0.666121644
136 142        0.528700636
137 149        0.833005085
137 136        0.660232929
137 138        0.466832091
137 142         0.13609678
138 136         1.02301795
138 139        0.867472333
138 137        0.466832091
138 142        0.541059654
139 137        0.833089842
139 140        0.789005445
139 136        0.666121644
139 142        0.730873628
140 112        0.832015638
140 139        0.789005445
140 141        0.520681771
140 122        0.776653077
141 133        0.634590534
141 134        0.614722475
141 140        0.520681771
141 112          0.5980455
142 139        0.730873628
142 138        0.541059654
142 136        0.528700636
142 137         0.13609678
143 111        0.719432714
143 103        0.601180981
143 133        0.157707059
143 166        0.582062601
144 177          0.6629612
144 151        0.530052939
144 146        0.468790921
144 152        0.471186312
145 178         1.01698207
145 153        0.796876012
145 181        0.660668442
145 157        0.765954265
146 147        0.639573743
146 144        0.468790921
146 158        0.305580299
146 155        0.436191652
147 146        0.639573743
147 161        0.634531266
147 159        0.309067844
147 154        0.435935979
148 154        0.614367622
148 156        0.578436567
148 160        0.271340687
148 162        0.506647528
149 150        0.871659104
149 142        0.865540867
149 155        0.769146908
149 137        0.833005085
150 155        0.985682087
150 153        0.901014317
150 157         0.46088493
150 149        0.871659104
151 177        0.709560302
151 171        0.575207492
151 144        0.530052939
151 164        0.502471643
152 153        0.659711046
152 182        0.633995487
152 177        0.447733636
152 144        0.471186312
153 155        0.648817622
153 146        0.648789911
153 158        0.374548123
153 157        0.459925128
154 147        0.435935979
154 165        0.418627193
154 168        0.330598478
154 162        0.411692665
155 149        0.769146908
155 153        0.648817622
155 158        0.340243668
155 146        0.436191652
156 167        0.598064453
156 160        0.538691364
156 148        0.578436567
156 135        0.440955743
157 145        0.765954265
157 158        0.695748782
157 153        0.459925128
157 150         0.46088493
158 144        0.668189456
158 153        0.374548123
158 146        0.305580299
158 155        0.340243668
159 164        0.520326029
159 154        0.468312643
159 147        0.309067844
159 161        0.335610545
160 154        0.496983979
160 148        0.271340687
160 168        0.433898898
160 162        0.244958484
161 154        0.600197429
161 164         0.46023584
161 165          0.4692679
161 159        0.335610545
162 154        0.411692665
162 160        0.244958484
162 169        0.387699493
162 168        0.206559091
163 168        0.679319109
163 170        0.525652625
163 167         0.40990481
163 169        0.484278155
164 147        0.782245399
164 159        0.520326029
164 161         0.46023584
164 151        0.502471643
165 169        0.449299733
165 168        0.423729144
165 154        0.418627193
165 170        0.411251992
166 167        0.868464225
166 134        0.765803994
166 133        0.654321921
166 143        0.582062601
167 169        0.614266129
167 156        0.598064453
167 163         0.40990481
167 162        0.563832014
168 170        0.402177253
168 154        0.330598478
168 162        0.206559091
168 169        0.247000515
169 165        0.449299733
169 162        0.387699493
169 168        0.247000515
169 170        0.188935859
170 163        0.525652625
170 168        0.402177253
170 165        0.411251992
170 169        0.188935859
171 176        0.600193738
171 151        0.575207492
171 172        0.560237662
171 183        0.310874987
172 171        0.560237662
172 183        0.511399546
172 180        0.266969241
172 179        0.438132937
173 185        0.456727393
173 174        0.425852193
173 179        0.391553739
173 184        0.264588692
174 184        0.478903714
174 175        0.467673635
174 185        0.341804399
174 173        0.425852193
175 174        0.467673635
175 176        0.463033172
175 182        0.466976819
175 185        0.261406233
176 180        0.546241891
176 182         0.47159102
176 177        0.349951604
176 175        0.463033172
177 171        0.641066603
177 182        0.484885049
177 176        0.349951604
177 152        0.447733636
178 174         0.76808257
178 175        0.552768632
178 182         0.44362837
178 181        0.380264703
179 185        0.407330604
179 173        0.391553739
179 184         0.16129379
179 180        0.228497343
180 185        0.434901999
180 184         0.34036146
180 179        0.228497343
180 172        0.266969241
181 152        0.811062264
181 145        0.660668442
181 182        0.494190097
181 178        0.380264703
182 177        0.484885049
182 176         0.47159102
182 178         0.44362837
182 175        0.466976819
183 151        0.798328847
183 180        0.759169151
183 171        0.310874987
183 172        0.511399546
184 180         0.34036146
184 185         0.30126082
184 179         0.16129379
184 173        0.264588692
185 179        0.407330604
185 174        0.341804399
185 175        0.261406233
185 184         0.30126082
186 190        0.963082727
186 189        0.615179429
186 192        0.282048817
186 188        0.433611718
187 192         1.76905135
187 189         1.53341652
187 190         1.37205792
187 191        0.343475565
188 150         1.01267559
188 189        0.929840415
188 192         0.66560805
188 186        0.433611718
189 188        0.929840415
189 186        0.615179429
189 192         0.34407108
189 190        0.355972697
190 145         1.11528249
190 186        0.963082727
190 192        0.699195546
190 189        0.355972697
191 192         2.09613282
191 189         1.87203443
191 187        0.343475565
191 190         1.71538413
192 190        0.699195546
192 188         0.66560805
192 189         0.34407108
192 186        0.282048817
193 123         1.12130191
193 199        0.960975318
193 198        0.551150211
193 130         0.89617349
194 196         1.25488265
194 193         1.23005394
194 198        0.683403606
194 199        0.275571339
195 337         3.06908594
195 349          3.0042434
195 197         2.30782617
195 336         2.60408629
196 198         1.27325491
196 194         1.25488265
196 199         1.14423119
196 138         1.14446925
197 198         2.91978195
197 199         2.68165644
197 195         2.30782617
197 194         2.45860966
198 196         1.27325491
198 194        0.683403606
198 193        0.551150211
198 199        0.424056941
199 196         1.14423119
199 193        0.960975318
199 198        0.424056941
199 194        0.275571339
200 205        0.512130024
200 204        0.493446672
200 315        0.488458529
200 313        0.476756264
201 204        0.123770074
201 318         0.10670988
201 203       0.0948054338
201 202        0.092108376
202 205        0.132617898
202 201        0.092108376
202 203        0.098719296
202 228       0.0791121929
203 202        0.098719296
203 201       0.0948054338
203 205       0.0609559941
203 204       0.0882182265
204 201        0.123770074
204 205        0.121837025
204 203       0.0882182265
204 315       0.0985836811
205 201        0.154785592
205 202        0.132617898
205 203       0.0609559941
205 204        0.121837025
206 201        0.290491983
206 318        0.264800899
206 229        0.171073705
206 224       0.0464219445
207 206        0.519617121
207 224        0.491496098
207 225        0.256014804
207 208          0.4543618
208 207          0.4543618
208 209        0.453527394
208 222        0.346980442
208 225        0.302506853
209 210        0.315008265
209 222        0.285589029
209 226        0.182084358
209 230        0.223918273
210 226        0.465823936
210 231        0.429740258
210 209        0.315008265
210 211        0.378795838
211 223        0.401438539
211 210        0.378795838
211 231        0.157582103
211 212        0.353827545
212 211        0.353827545
212 213        0.315253224
212 231        0.221065225
212 232        0.163536627
213 215        0.355850055
213 212        0.315253224
213 214        0.257679175
213 227        0.261752144
214 217        0.485215607
214 213        0.257679175
214 215        0.302257772
214 227      0.00444944446
215 213        0.355850055
215 227        0.304860902
215 216          0.2764727
215 214        0.302257772
216 218        0.423167235
216 217        0.421964917
216 215          0.2764727
216 226        0.357101047
217 227        0.484021397
217 218        0.438760789
217 215        0.378610012
217 216        0.421964917
218 220        0.442855858
218 217        0.438760789
218 219        0.320805843
218 216        0.423167235
219 220        0.352479036
219 218        0.320805843
219 222         0.29963782
219 230        0.311638043
220 218        0.442855858
220 228        0.380246404
220 219        0.352479036
220 221        0.236814293
221 205        0.270854582
221 202        0.223584622
221 220        0.236814293
221 228        0.159121603
222 219         0.29963782
222 209        0.285589029
222 226         0.22557591
222 230         0.13097907
223 211        0.401438539
223 233        0.398648472
223 232        0.263675094
223 212        0.357011995
224 201        0.320863387
224 318        0.305531672
224 229        0.197856361
224 206       0.0464219445
225 206        0.411148439
225 224        0.368380922
225 207        0.256014804
225 208        0.302506853
226 216        0.357101047
226 222         0.22557591
226 230       0.0991565278
226 209        0.182084358
227 217        0.484021397
227 213        0.261752144
227 215        0.304860902
227 214      0.00444944446
228 203        0.171933016
228 201        0.165544477
228 202       0.0791121929
228 221        0.159121603
229 206        0.171073705
229 202        0.163951318
229 201        0.123780295
229 318        0.144377663
230 219        0.311638043
230 209        0.223918273
230 226       0.0991565278
230 222         0.13097907
231 223        0.407351192
231 232        0.349056942
231 211        0.157582103
231 212        0.221065225
232 231        0.349056942
232 233        0.342198587
232 223        0.263675094
232 212        0.163536627
233 261         0.43415877
233 223        0.398648472
233 234        0.287569863
233 232        0.342198587
234 261        0.466164574
234 260        0.426994073
234 233        0.287569863
234 235        0.266728311
235 258        0.341041708
235 259        0.286670019
235 234        0.266728311
235 236         0.25155077
236 237         0.30596562
236 258        0.297297116
236 235         0.25155077
236 239        0.258149005
237 235        0.393084908
237 239        0.375817709
237 236         0.30596562
237 238        0.351142822
238 240        0.344049671
238 262        0.338457759
238 268         0.23390887
238 239        0.289684472
239 262        0.318635102
239 238        0.289684472
239 255        0.277707124
239 236        0.258149005
240 264        0.300156209
240 255        0.267999463
240 262       0.0367852731
240 271        0.253823042
241 242        0.269400495
241 254        0.229410303
241 263        0.221800613
241 264        0.172639388
242 241        0.269400495
242 263        0.240623778
242 243        0.215163543
242 271        0.238015513
243 244        0.290938914
243 242        0.215163543
243 245        0.196085047
243 263        0.123432694
244 270         0.39472133
244 245        0.306430882
244 273        0.272821592
244 243        0.290938914
245 244        0.306430882
245 246        0.230978735
245 243        0.196085047
245 263        0.204010659
246 243        0.326233484
246 247        0.275145973
246 263        0.229799594
246 245        0.230978735
247 250        0.390917033
247 253        0.359615852
247 251         0.33160273
247 246        0.275145973
248 247        0.462494069
248 294        0.458786406
248 249        0.309527861
248 293        0.365995661
249 251        0.591852896
249 295        0.465426671
249 250         0.42025137
249 248        0.309527861
250 249         0.42025137
250 247        0.390917033
250 251        0.178911043
250 252         0.33669042
251 247         0.33160273
251 253        0.266504098
251 250        0.178911043
251 252        0.262521808
252 247         0.59044298
252 253        0.387367784
252 250         0.33669042
252 251        0.262521808
253 252        0.387367784
253 247        0.359615852
253 251        0.266504098
253 265        0.265850641
254 240        0.323672533
254 265        0.264920826
254 264       0.0701698012
254 241        0.229410303
255 239        0.277707124
255 262        0.234402547
255 240        0.267999463
255 256        0.220253492
256 254        0.393263114
256 257        0.296617032
256 265        0.232837284
256 255        0.220253492
257 255        0.362172521
257 256        0.296617032
257 258        0.243704845
257 266        0.224224953
258 236        0.297297116
258 257        0.243704845
258 266        0.173177517
258 259        0.226307909
259 266        0.316494746
259 235        0.286670019
259 260        0.236737808
259 258        0.226307909
260 235        0.385545396
260 259        0.236737808
260 267        0.165104395
260 261        0.230143236
261 233         0.43415877
261 213        0.374862173
261 260        0.230143236
261 267        0.265143295
262 264        0.311002295
262 271        0.289600115
262 240       0.0367852731
262 255        0.234402547
263 246        0.229799594
263 241        0.221800613
263 245        0.204010659
263 243        0.123432694
264 262        0.311002295
264 241        0.172639388
264 240        0.300156209
264 254       0.0701698012
265 264        0.335080917
265 253        0.265850641
265 256        0.232837284
265 254        0.264920826
266 236        0.459078995
266 259        0.316494746
266 258        0.173177517
266 257        0.224224953
267 258        0.538656883
267 259        0.325844862
267 260        0.165104395
267 261        0.265143295
268 271         0.23963165
268 238         0.23390887
268 269        0.205142255
268 272        0.207719187
269 270         0.27354018
269 268        0.205142255
269 271        0.188303213
269 272        0.100355171
270 271        0.360334577
270 242        0.308210252
270 269         0.27354018
270 272        0.304955684
271 268         0.23963165
271 242        0.238015513
271 272       0.0881454718
271 269        0.188303213
272 242        0.271969962
272 268        0.207719187
272 271       0.0881454718
272 269        0.100355171
273 292         0.49581027
273 275        0.448702965
273 244        0.272821592
273 274        0.374476041
274 291        0.340154568
274 308        0.305350415
274 275        0.263113868
274 292        0.303845703
275 302        0.513611546
275 273        0.448702965
275 276        0.265257879
275 274        0.263113868
276 278        0.349104772
276 302        0.314705723
276 275        0.265257879
276 303        0.280078092
277 302        0.377394473
277 276        0.351122033
277 303       0.0794687484
277 278        0.335969454
278 289        0.333075863
278 303        0.277152223
278 302       0.0745990629
278 290        0.276266018
279 286        0.428742134
279 277        0.402811161
279 310        0.313276963
279 304        0.148180935
280 279        0.496783149
280 305        0.358128225
280 286         0.49005988
280 285        0.316449013
281 282        0.564787494
281 280        0.529497941
281 283        0.412828515
281 285        0.498806528
282 284        0.584103124
282 281        0.564787494
282 283        0.493963714
282 319         0.47967496
283 285        0.632064191
283 282        0.493963714
283 284        0.176548391
283 281        0.412828515
284 285        0.734712355
284 281         0.58795112
284 283        0.176548391
284 282        0.584103124
285 281        0.498806528
285 306        0.463851275
285 305        0.147740737
285 280        0.316449013
286 287        0.318990456
286 310        0.313830155
286 306        0.121770544
286 304         0.30632956
287 306         0.28791257
287 288        0.236893487
287 307        0.264133561
287 309        0.179294712
288 310        0.287126346
288 287        0.236893487
288 289        0.220319557
288 307       0.0920323487
289 278        0.333075863
289 290        0.330681255
289 307        0.187849969
289 288        0.220319557
290 289        0.330681255
290 291        0.294026313
290 302        0.240815074
290 278        0.276266018
291 274        0.340154568
291 290        0.294026313
291 292        0.290492254
291 308        0.117512434
292 274        0.303845703
292 291        0.290492254
292 308        0.174079694
292 293        0.224142578
293 248        0.365995661
293 291        0.354631287
293 292        0.224142578
293 308        0.264000813
294 248        0.458786406
294 291        0.403847884
294 295        0.313143365
294 290        0.365287471
295 248        0.518588102
295 249        0.465426671
295 296        0.446610318
295 294        0.313143365
296 309        0.446399805
296 289        0.415575514
296 297        0.330648477
296 307        0.366170069
297 287        0.545977347
297 298         0.38944219
297 296        0.330648477
297 309        0.386353624
298 287        0.467214517
298 297         0.38944219
298 299        0.327509856
298 309         0.30826421
299 287        0.684853182
299 309        0.577444049
299 298        0.327509856
299 300        0.248107432
300 309        0.808075702
300 305        0.768978887
300 298        0.575543999
300 299        0.248107432
301 299         1.11724498
301 283         1.06443585
301 300        0.871866913
301 284        0.893146251
302 276        0.314705723
302 303        0.309075302
302 278       0.0745990629
302 290        0.240815074
303 302        0.309075302
303 276        0.280078092
303 277       0.0794687484
303 278        0.277152223
304 277        0.425832468
304 310        0.179300848
304 286         0.30632956
304 279        0.148180935
305 286        0.374758306
305 280        0.358128225
305 285        0.147740737
305 306        0.320135749
306 309         0.41927956
306 305        0.320135749
306 286        0.121770544
306 287         0.28791257
307 309        0.347656252
307 287        0.264133561
307 288       0.0920323487
307 289        0.187849969
308 274        0.305350415
308 293        0.264000813
308 292        0.174079694
308 291        0.117512434
309 288         0.36470169
309 307        0.347656252
309 287        0.179294712
309 298         0.30826421
310 286        0.313830155
310 279        0.313276963
310 304        0.179300848
310 288        0.287126346
311 316        0.653462264
311 317        0.630952061
311 314        0.603945221
311 312        0.473147898
312 313        0.559322689
312 317        0.521014001
312 314        0.504613661
312 311        0.473147898
313 201        0.307215754
313 318         0.22771428
313 204        0.229483782
313 315        0.133038548
314 312        0.504613661
314 313        0.373526912
314 317       0.0270833852
314 316        0.192288012
315 201        0.181204191
315 313        0.133038548
315 204       0.0985836811
315 318        0.130018168
316 200        0.635047737
316 313        0.530076343
316 314        0.192288012
316 317        0.193319885
317 315        0.488996238
317 313        0.356163259
317 314       0.0270833852
317 316        0.193319885
318 229        0.144377663
318 204        0.142677878
318 201         0.10670988
318 315        0.130018168
319 321        0.573877884
319 282         0.47967496
319 320        0.413133802
319 326        0.301659816
320 327        0.278595039
320 326        0.256102395
320 321        0.189348495
320 322        0.215051879
321 323        0.316497208
321 320        0.189348495
321 322         0.14220647
321 327       0.0912375392
322 320        0.215051879
322 327        0.198883182
322 321         0.14220647
322 324        0.196562478
323 321        0.316497208
323 325        0.294623625
323 322        0.277655229
323 327        0.272816055
324 321        0.329979292
324 320        0.300144692
324 322        0.196562478
324 325        0.200388531
325 321          0.4003321
325 323        0.294623625
325 322        0.265055507
325 324        0.200388531
326 322        0.429215541
326 324        0.395469694
326 319        0.301659816
326 320        0.256102395
327 320        0.278595039
327 323        0.272816055
327 322        0.198883182
327 321       0.0912375392
328 1        0.456408689
328 6        0.367892211
328 329        0.203808459
328 7       0.0764310388
329 6        0.373381998
329 1        0.307143161
329 328        0.203808459
329 7         0.22215606
330 8          1.1500556
330 10         1.12818269
330 9         0.23003673
330 24        0.486249573
331 21        0.879481308
331 332        0.594732042
331 20        0.273261755
331 19        0.461243082
332 23        0.701380264
332 331        0.594732042
332 20        0.324637596
332 21        0.288152747
333 19         1.86181781
333 335         1.79321716
333 10         1.72030658
333 22         1.29412216
334 11         1.10268739
334 12        0.579805866
334 13        0.350474088
334 14        0.376894137
335 13         1.26914067
335 12        0.874226413
335 22        0.710418803
335 11        0.381483257
336 339         1.08427537
336 349        0.620472819
336 338          1.0035975
336 337        0.465739609
337 339        0.776684514
337 349         0.54673371
337 338        0.539431376
337 336        0.465739609
338 340        0.705160754
338 348        0.693739738
338 337        0.539431376
338 339         0.63508805
339 337        0.776684514
339 349        0.542710523
339 338         0.63508805
339 348        0.422508243
340 348         1.13824424
340 347         1.10828313
340 338        0.705160754
340 344        0.598510487
341 350         1.49881782
341 355         1.12415013
341 356        0.805928022
341 346        0.897221191
342 340         1.63947364
342 344          1.1222325
342 343         1.04692998
342 345         0.79353263
343 360         2.00371453
343 345         1.81148453
343 342         1.04692998
343 362         1.69419697
344 338         1.29832042
344 342          1.1222325
344 340        0.598510487
344 345        0.983630923
345 341         1.51667764
345 356         1.18176037
345 342         0.79353263
345 344        0.983630923
346 340         1.47968522
346 348         1.21106008
346 341        0.897221191
346 347        0.792448581
347 338        0.931028864
347 339        0.841121982
347 348         0.41935824
347 346        0.792448581
348 349        0.959512214
348 338        0.693739738
348 347         0.41935824
348 339        0.422508243
349 338         0.82259305
349 336        0.620472819
349 337         0.54673371
349 339        0.542710523
350 351         1.05906139
350 356        0.892501279
350 355        0.614693223
350 357        0.528777337
351 350         1.05906139
351 408         1.05513773
351 357        0.544416663
351 358        0.535242963
352 359        0.989300719
352 361        0.872972208
352 408        0.588306965
352 353        0.604113377
353 369        0.700458753
353 370        0.596962589
353 352        0.604113377
353 361        0.314037987
354 361         1.05300389
354 370        0.994022246
354 353        0.880317793
354 376        0.812034394
355 341         1.12415013
355 357         1.09731702
355 350        0.614693223
355 356        0.883283203
356 357        0.940552387
356 350        0.892501279
356 341        0.805928022
356 355        0.883283203
357 358         1.04233595
357 356        0.940552387
357 350        0.528777337
357 351        0.544416663
358 357         1.04233595
358 360        0.820718895
358 408        0.767305185
358 351        0.535242963
359 352        0.989300719
359 365        0.771884347
359 373        0.890555915
359 408        0.715035611
360 362         1.22838193
360 352         1.04606814
360 358        0.820718895
360 408         1.00262765
361 372        0.583777835
361 369        0.455344481
361 353        0.314037987
361 370        0.374940204
362 376         1.62270682
362 354         1.24982987
362 381        0.938961421
362 360         1.22838193
363 367        0.902918631
363 372        0.807905517
363 371        0.612909241
363 368        0.679029324
364 365        0.504970623
364 366        0.399440375
364 373        0.487762051
364 374        0.327295073
365 364        0.504970623
365 366        0.448866295
365 373        0.241213592
365 374        0.416587974
366 369        0.495940377
366 365        0.448866295
366 367        0.251084173
366 364        0.399440375
367 372        0.585028645
367 368        0.329008921
367 366        0.251084173
367 369        0.296052662
368 366        0.562311394
368 369        0.397815181
368 367        0.329008921
368 372        0.308240872
369 372        0.487538008
369 361        0.455344481
369 367        0.296052662
369 368        0.397815181
370 375        0.613324453
370 353        0.596962589
370 372        0.484231178
370 361        0.374940204
371 409        0.833499202
371 366        0.793009222
371 364        0.579542336
371 363        0.612909241
372 361        0.583777835
372 369        0.487538008
372 368        0.308240872
372 370        0.484231178
373 409        0.581417541
373 364        0.487762051
373 365        0.241213592
373 374        0.246892268
374 365        0.416587974
374 409         0.36254982
374 373        0.246892268
374 364        0.327295073
375 382        0.953446535
375 372         0.75798281
375 380        0.773490103
375 370        0.613324453
376 382         1.23617098
376 380         1.01873909
376 377        0.899265318
376 354        0.812034394
377 378          1.0952983
377 384        0.976590411
377 376        0.899265318
377 383        0.923072659
378 383         1.48056629
378 379        0.954003307
378 377          1.0952983
